CGATS.17							
ORIGINATOR	BabelColor PatchTool. version 5.5.0 b422						
LGOROWLENGTH	31						
CREATED	2021-12-08  # Time: 17:43:41						
INSTRUMENTATION	"i1Pro 2 ; Serial number 1119950"						
INSTRUMENT_SN							
MEASUREMENT_SOURCE	Illumination=D50 ObserverAngle=2 WhiteBase=Abs Filter=D50						
ILLUMINATION_NAME	D50						
OBSERVER_ANGLE	2						
FILTER	D50						
MEASUREMENT_CONDITION	M1						
WEIGHTING_FUNCTION	ILLUMINANT. D50						
WEIGHTING_FUNCTION	OBSERVER. 2 degree						
KEYWORD	DEVCALSTD						
DEVCALSTD	XRGA						
# 							
# CMYK space for the CMYK data in this file: 							
# NOTE: The CMYK data was copied from the original file. The profile parameters were also copied from the file.							
# Profile name: 							
CMYK_PROFILE_NAME	ISO Coated v2 (ECI)						
# Profile path: 							
CMYK_PROFILE_PATH	C:\Program Files (x86)\BabelColor\PatchTool\Profiles\ISOcoated_v2_eci.icc						
# Rendering intent: 							
CMYK_PROFILE_INTENT	Absolute Colorimetric						
# Black Point Compensation (BPC) setting: 							
CMYK_PROFILE_BPC	NO						
# 							
KEYWORD	SAMPLE_ID						
NUMBER_OF_FIELDS	8						
BEGIN_DATA_FORMAT							
SAMPLE_ID	CMYK_C	CMYK_M	CMYK_Y	CMYK_K	LAB_L	LAB_A	LAB_B
END_DATA_FORMAT							
NUMBER_OF_SETS	620						
BEGIN_DATA							
1	11.76	6.27	5.88	0	86.5	1.33	-7.76
2	11.76	7.06	5.88	0	85.95	1.8	-8.36
3	11.76	7.84	5.88	0	85.58	2.51	-8.63
4	11.76	8.63	5.88	0	84.97	3.19	-8.73
5	11.76	9.41	5.88	0	84.55	3.82	-8.79
6	11.76	10.2	5.88	0	84.18	4.71	-9.01
7	11.76	10.98	5.88	0	83.74	5.64	-9.19
8	11.76	6.27	6.67	0	86.23	0.91	-7.12
9	11.76	7.06	6.67	0	85.71	1.65	-7.08
10	11.76	7.84	6.67	0	84.88	2.27	-7.52
11	11.76	8.63	6.67	0	84.09	3.1	-7.73
12	11.76	9.41	6.67	0	83.73	4.06	-8.02
13	11.76	10.2	6.67	0	83.04	4.54	-8.13
14	11.76	10.98	6.67	0	82.62	5.52	-8.69
15	11.76	6.27	7.45	0	85.52	0.71	-6.84
16	11.76	7.06	7.45	0	84.82	1.47	-7.09
17	11.76	7.84	7.45	0	84.25	2.71	-7.25
18	11.76	8.63	7.45	0	84.04	2.98	-7.1
19	11.76	9.41	7.45	0	83.59	3.83	-7.3
20	11.76	10.2	7.45	0	82.97	4.56	-7.53
21	11.76	10.98	7.45	0	82.12	5.45	-7.69
22	11.76	6.27	8.24	0	84.87	0.4	-5.76
23	11.76	7.06	8.24	0	84.36	1.17	-5.8
24	11.76	7.84	8.24	0	84	1.85	-6.44
25	11.76	8.63	8.24	0	83.58	2.83	-6.64
26	11.76	9.41	8.24	0	83.14	3.76	-6.66
27	11.76	10.2	8.24	0	82.4	4.55	-6.35
28	11.76	10.98	8.24	0	81.71	5.5	-7.32
29	11.76	6.27	9.02	0	84.79	0.39	-4.96
30	11.76	7.06	9.02	0	84.17	1.24	-5.48
31	11.76	7.84	9.02	0	83.72	1.98	-5.83
32	11.76	8.63	9.02	0	84.9	2.83	-5.56
33	11.76	9.41	9.02	0	84.14	3.48	-6.11
34	11.76	10.2	9.02	0	83.78	4.35	-6.6
35	11.76	10.98	9.02	0	83.14	5.2	-6.8
36	11.76	6.27	9.8	0	85.89	0.22	-4.88
37	11.76	7.06	9.8	0	85.43	1.09	-5.2
38	11.76	7.84	9.8	0	85.14	1.76	-5.14
39	11.76	8.63	9.8	0	84.61	2.47	-4.72
40	11.76	9.41	9.8	0	83.56	3.68	-5.19
41	11.76	10.2	9.8	0	82.94	4.17	-5.69
42	11.76	10.98	9.8	0	81.88	5.05	-5.54
43	11.76	6.27	10.59	0	84.96	0.3	-3.8
44	11.76	7.06	10.59	0	84.47	0.79	-3.72
45	11.76	7.84	10.59	0	84.18	1.69	-4.49
46	11.76	8.63	10.59	0	83.6	2.6	-4.8
47	11.76	9.41	10.59	0	82.82	3.5	-4.99
48	11.76	10.2	10.59	0	82.47	4.79	-5.29
49	11.76	10.98	10.59	0	82.18	4.88	-5.17
50	23.92	12.94	12.55	0	76.84	0.19	-9.19
51	23.92	13.73	12.55	0	76.1	0.83	-9.73
52	23.92	14.51	12.55	0	75.62	1.28	-9.23
53	23.92	15.29	12.55	0	75.51	1.64	-9.77
54	23.92	16.08	12.55	0	74.91	2.37	-10.1
55	23.92	16.86	12.55	0	74.78	2.47	-10.06
56	23.92	17.65	12.55	0	74.28	2.73	-10.03
57	23.92	18.43	12.55	0	74.48	3.25	-9.57
58	23.92	19.22	12.55	0	73.72	4.12	-10.1
59	23.92	20	12.55	0	73.34	4.36	-10.31
60	23.92	20.78	12.55	0	73.12	4.93	-10.11
61	23.92	21.57	12.55	0	72.63	5.41	-10.4
62	23.92	22.35	12.55	0	72.28	5.55	-10.72
63	23.92	12.94	13.33	0	78.19	0.85	-7.74
64	23.92	13.73	13.33	0	77.77	1.09	-8.33
65	23.92	14.51	13.33	0	77.34	1.38	-9.01
66	23.92	15.29	13.33	0	77.15	1.8	-9.13
67	23.92	16.08	13.33	0	76.58	2.24	-9.17
68	23.92	16.86	13.33	0	76.58	2.62	-9.18
69	23.92	17.65	13.33	0	76.35	3	-9.12
70	23.92	18.43	13.33	0	75.86	3.46	-8.82
71	23.92	19.22	13.33	0	75.22	3.96	-8.63
72	23.92	20	13.33	0	74.57	4.27	-9.2
73	23.92	20.78	13.33	0	73.67	5	-9.29
74	23.92	21.57	13.33	0	73.4	5.66	-9.23
75	23.92	22.35	13.33	0	72.85	5.71	-9.39
76	23.92	12.94	14.12	0	76.51	0.28	-8.08
77	23.92	13.73	14.12	0	76.22	0.8	-8.19
78	23.92	14.51	14.12	0	75.66	0.95	-8.5
79	23.92	15.29	14.12	0	75.88	1.6	-8.54
80	23.92	16.08	14.12	0	75.47	2.13	-8.49
81	23.92	16.86	14.12	0	75.25	2.68	-8.52
82	23.92	17.65	14.12	0	74.68	2.8	-8.65
83	23.92	18.43	14.12	0	74.35	3.3	-8.55
84	23.92	19.22	14.12	0	73.73	3.94	-8.55
85	23.92	20	14.12	0	73.43	4.23	-8.72
86	23.92	20.78	14.12	0	73.34	4.54	-8.88
87	23.92	21.57	14.12	0	72.85	5.27	-8.88
88	23.92	22.35	14.12	0	72.91	5.61	-9
89	23.92	12.94	14.9	0	75.98	-0.02	-7.24
90	23.92	13.73	14.9	0	75.31	0.44	-7.43
91	23.92	14.51	14.9	0	75.25	0.99	-7.44
92	23.92	15.29	14.9	0	74.97	1.56	-7.46
93	23.92	16.08	14.9	0	74.49	1.88	-7.8
94	23.92	16.86	14.9	0	76.73	2.75	-6.89
95	23.92	17.65	14.9	0	76.38	2.98	-7.44
96	23.92	18.43	14.9	0	75.79	3.34	-7.81
97	23.92	19.22	14.9	0	75.55	4.04	-8.02
98	23.92	20	14.9	0	75.19	4.25	-7.96
99	23.92	20.78	14.9	0	74.71	4.72	-8.31
100	23.92	21.57	14.9	0	74.54	5.25	-8.13
101	23.92	22.35	14.9	0	74.21	5.56	-8.08
102	23.92	12.94	15.69	0	77.02	0.05	-6.19
103	23.92	13.73	15.69	0	76.35	0.41	-6.56
104	23.92	14.51	15.69	0	75.48	1.01	-6.71
105	23.92	15.29	15.69	0	75.41	1.52	-6.57
106	23.92	16.08	15.69	0	75.01	1.91	-6.49
107	23.92	16.86	15.69	0	74.91	2.23	-7.14
108	23.92	17.65	15.69	0	74.84	2.56	-7.16
109	23.92	18.43	15.69	0	74.18	2.85	-7.39
110	23.92	19.22	15.69	0	74.33	3.87	-7.53
111	23.92	20	15.69	0	74	4.08	-7.4
112	23.92	20.78	15.69	0	73.56	4.71	-7.71
113	23.92	21.57	15.69	0	73.17	5.31	-8.01
114	23.92	22.35	15.69	0	72.72	5.51	-7.5
115	23.92	12.94	16.47	0	75.85	-0.26	-5.83
116	23.92	13.73	16.47	0	75.53	0.31	-6.27
117	23.92	14.51	16.47	0	74.94	0.69	-6.4
118	23.92	15.29	16.47	0	74.85	1.09	-6.33
119	23.92	16.08	16.47	0	74.6	1.65	-6.41
120	23.92	16.86	16.47	0	74.39	2.16	-6.22
121	23.92	17.65	16.47	0	73.95	2.5	-6.55
122	23.92	18.43	16.47	0	73.81	2.89	-6.66
123	23.92	19.22	16.47	0	73.68	3.45	-6.53
124	23.92	20	16.47	0	73.08	3.76	-6.97
125	23.92	20.78	16.47	0	75.53	4.51	-6.33
126	23.92	21.57	16.47	0	74.99	5.01	-6.86
127	23.92	22.35	16.47	0	74.46	5.4	-7.35
128	23.92	12.94	17.25	0	77.69	0.17	-5.94
129	23.92	13.73	17.25	0	77.08	0.3	-6.2
130	23.92	14.51	17.25	0	76.91	0.97	-6
131	23.92	15.29	17.25	0	76.67	1.34	-5.78
132	23.92	16.08	17.25	0	76.02	1.76	-5.63
133	23.92	16.86	17.25	0	75.85	2.02	-5.55
134	23.92	17.65	17.25	0	75.2	2.63	-5.95
135	23.92	18.43	17.25	0	74.33	2.88	-5.8
136	23.92	19.22	17.25	0	74.44	3.58	-6.02
137	23.92	20	17.25	0	73.91	3.87	-5.87
138	23.92	20.78	17.25	0	73.69	4.36	-6.69
139	23.92	21.57	17.25	0	73.48	5.02	-6.67
140	23.92	22.35	17.25	0	72.99	5.14	-6.99
141	23.92	12.94	18.04	0	76.62	-0.13	-5.19
142	23.92	13.73	18.04	0	76.26	0.33	-5.07
143	23.92	14.51	18.04	0	75.83	0.77	-4.99
144	23.92	15.29	18.04	0	75.51	1.08	-5.62
145	23.92	16.08	18.04	0	74.74	1.75	-5.13
146	23.92	16.86	18.04	0	74.48	2.06	-5.37
147	23.92	17.65	18.04	0	74.32	2.43	-5.75
148	23.92	18.43	18.04	0	74.24	2.48	-5.83
149	23.92	19.22	18.04	0	73.71	3.05	-5.63
150	23.92	20	18.04	0	73.71	3.57	-5.65
151	23.92	20.78	18.04	0	73.25	3.96	-5.54
152	23.92	21.57	18.04	0	72.6	4.69	-5.9
153	23.92	22.35	18.04	0	72.58	5.01	-5.84
154	23.92	12.94	18.82	0	75.78	-0.66	-4.23
155	23.92	13.73	18.82	0	75.34	-0.16	-4.69
156	23.92	14.51	18.82	0	77.14	1.17	-3.98
157	23.92	15.29	18.82	0	76.88	1.23	-4.52
158	23.92	16.08	18.82	0	76.3	1.69	-5.19
159	23.92	16.86	18.82	0	76.29	2.29	-5.26
160	23.92	17.65	18.82	0	75.74	2.39	-5.31
161	23.92	18.43	18.82	0	75.56	2.85	-5.29
162	23.92	19.22	18.82	0	75.22	3.28	-5.06
163	23.92	20	18.82	0	74.63	3.75	-4.87
164	23.92	20.78	18.82	0	74.63	4.18	-4.78
165	23.92	21.57	18.82	0	73.61	4.67	-5.32
166	23.92	22.35	18.82	0	72.87	5.2	-5.52
167	23.92	12.94	19.61	0	76.42	-0.44	-3.59
168	23.92	13.73	19.61	0	75.85	-0.06	-3.32
169	23.92	14.51	19.61	0	75.45	0.49	-4.09
170	23.92	15.29	19.61	0	75.43	0.79	-4.27
171	23.92	16.08	19.61	0	74.79	1.24	-4.54
172	23.92	16.86	19.61	0	75.06	1.99	-4.58
173	23.92	17.65	19.61	0	74.75	2.17	-4.35
174	23.92	18.43	19.61	0	74.41	2.76	-4.4
175	23.92	19.22	19.61	0	73.93	3.06	-4.5
176	23.92	20	19.61	0	73.53	3.34	-4.44
177	23.92	20.78	19.61	0	73.2	3.85	-4.76
178	23.92	21.57	19.61	0	72.59	4.47	-4.92
179	23.92	22.35	19.61	0	72.47	4.68	-4.95
180	23.92	12.94	20.39	0	75.64	-0.93	-3.25
181	23.92	13.73	20.39	0	75.28	-0.41	-2.72
182	23.92	14.51	20.39	0	74.97	0.26	-3.3
183	23.92	15.29	20.39	0	74.4	0.49	-3.46
184	23.92	16.08	20.39	0	74.33	1.12	-3.75
185	23.92	16.86	20.39	0	74.15	1.51	-3.49
186	23.92	17.65	20.39	0	73.84	1.87	-3.98
187	23.92	18.43	20.39	0	75.93	2.89	-3.21
188	23.92	19.22	20.39	0	75.47	2.93	-3.72
189	23.92	20	20.39	0	74.95	3.42	-4.32
190	23.92	20.78	20.39	0	74.71	3.98	-4.48
191	23.92	21.57	20.39	0	74.31	4.48	-4.42
192	23.92	22.35	20.39	0	74.11	4.92	-4.51
193	23.92	12.94	21.18	0	77.34	-0.66	-2.39
194	23.92	13.73	21.18	0	76.91	0.06	-2.19
195	23.92	14.51	21.18	0	76.37	0.52	-2.27
196	23.92	15.29	21.18	0	75.73	0.94	-2.67
197	23.92	16.08	21.18	0	74.95	1.3	-3.02
198	23.92	16.86	21.18	0	74.93	1.69	-2.96
199	23.92	17.65	21.18	0	74.39	1.97	-2.71
200	23.92	18.43	21.18	0	74.26	2.41	-3.56
201	23.92	19.22	21.18	0	74.03	2.92	-3.8
202	23.92	20	21.18	0	73.62	3.18	-3.49
203	23.92	20.78	21.18	0	73.7	3.97	-3.73
204	23.92	21.57	21.18	0	73.05	4.59	-3.51
205	23.92	22.35	21.18	0	72.9	4.91	-3.51
206	23.92	12.94	21.96	0	75.93	-0.88	-1.88
207	23.92	13.73	21.96	0	75.63	-0.53	-1.66
208	23.92	14.51	21.96	0	75.13	0.28	-1.99
209	23.92	15.29	21.96	0	74.82	0.57	-2.35
210	23.92	16.08	21.96	0	74.52	0.86	-2.26
211	23.92	16.86	21.96	0	74.18	1.15	-2.63
212	23.92	17.65	21.96	0	74.04	1.75	-2.49
213	23.92	18.43	21.96	0	73.7	2.27	-2.31
214	23.92	19.22	21.96	0	73.14	2.59	-2.76
215	23.92	20	21.96	0	73.03	3.17	-2.8
216	23.92	20.78	21.96	0	72.93	3.66	-2.7
217	23.92	21.57	21.96	0	72.35	4.27	-3.26
218	23.92	22.35	21.96	0	74.37	5.07	-2.22
219	41.57	27.84	27.06	0	66.36	-0.81	-7.09
220	41.57	28.63	27.06	0	65.77	-0.12	-7.65
221	41.57	29.41	27.06	0	65.59	0.58	-7.91
222	41.57	30.2	27.06	0	65.15	0.56	-7.72
223	41.57	30.98	27.06	0	65.05	1.26	-7.81
224	41.57	31.76	27.06	0	64.75	1.54	-7.62
225	41.57	32.55	27.06	0	64.26	2.02	-7.75
226	41.57	33.33	27.06	0	63.59	2.6	-7.39
227	41.57	34.12	27.06	0	62.93	2.84	-8.1
228	41.57	34.9	27.06	0	61.94	3.62	-8.36
229	41.57	35.69	27.06	0	61.53	4.44	-8.88
230	41.57	36.47	27.06	0	61.22	4.7	-8.83
231	41.57	37.25	27.06	0	60.97	5.41	-9.41
232	41.57	27.84	27.84	0	64.4	-1.51	-7.67
233	41.57	28.63	27.84	0	63.82	-1.09	-7.97
234	41.57	29.41	27.84	0	64.1	0	-7.83
235	41.57	30.2	27.84	0	63.69	0.12	-7.63
236	41.57	30.98	27.84	0	63.44	0.82	-7.45
237	41.57	31.76	27.84	0	62.97	1.11	-7.6
238	41.57	32.55	27.84	0	62.46	1.81	-7.28
239	41.57	33.33	27.84	0	62.23	2.3	-7.56
240	41.57	34.12	27.84	0	61.9	2.89	-7.94
241	41.57	34.9	27.84	0	61.72	3.25	-7.87
242	41.57	35.69	27.84	0	61.01	4.12	-8.71
243	41.57	36.47	27.84	0	60.87	4.57	-8.82
244	41.57	37.25	27.84	0	60.45	5.32	-8.63
245	41.57	27.84	28.63	0	63.57	-1.98	-6.68
246	41.57	28.63	28.63	0	63.49	-1.15	-6.86
247	41.57	29.41	28.63	0	63.23	-0.75	-6.81
248	41.57	30.2	28.63	0	62.96	-0.25	-7.27
249	41.57	30.98	28.63	0	65.08	1.17	-5.98
250	41.57	31.76	28.63	0	64.75	1.31	-6.28
251	41.57	32.55	28.63	0	64.41	1.82	-6.84
252	41.57	33.33	28.63	0	64.08	2.63	-7.06
253	41.57	34.12	28.63	0	63.65	2.88	-7.02
254	41.57	34.9	28.63	0	63.12	3.49	-7.37
255	41.57	35.69	28.63	0	62.78	4.13	-7.08
256	41.57	36.47	28.63	0	62.44	4.74	-7.17
257	41.57	37.25	28.63	0	61.87	5.08	-7.35
258	41.57	27.84	29.41	0	64.77	-1.65	-5.7
259	41.57	28.63	29.41	0	63.9	-1.21	-5.94
260	41.57	29.41	29.41	0	63.72	-0.65	-6.04
261	41.57	30.2	29.41	0	63.27	-0.5	-5.47
262	41.57	30.98	29.41	0	63.1	0.31	-6.59
263	41.57	31.76	29.41	0	63.18	0.87	-6.25
264	41.57	32.55	29.41	0	62.71	1.05	-6.46
265	41.57	33.33	29.41	0	62.74	2.21	-6.56
266	41.57	34.12	29.41	0	62.06	2.54	-6.61
267	41.57	34.9	29.41	0	62.07	3.08	-6.71
268	41.57	35.69	29.41	0	61.07	3.77	-6.9
269	41.57	36.47	29.41	0	60.93	4.25	-6.44
270	41.57	37.25	29.41	0	60.38	4.84	-6.74
271	41.57	27.84	30.2	0	63.73	-1.93	-5.02
272	41.57	28.63	30.2	0	63.44	-1.67	-5.31
273	41.57	29.41	30.2	0	63.02	-1.17	-5.38
274	41.57	30.2	30.2	0	62.82	-0.7	-5.64
275	41.57	30.98	30.2	0	62.43	0.09	-5.45
276	41.57	31.76	30.2	0	62.21	0.62	-5.35
277	41.57	32.55	30.2	0	62.12	1.29	-5.6
278	41.57	33.33	30.2	0	61.77	1.87	-5.42
279	41.57	34.12	30.2	0	61.26	2.25	-6.11
280	41.57	34.9	30.2	0	63.8	3.51	-4.64
281	41.57	35.69	30.2	0	63.13	3.97	-5.21
282	41.57	36.47	30.2	0	62.75	4.23	-5.66
283	41.57	37.25	30.2	0	62.49	5.08	-6.05
284	41.57	27.84	30.98	0	65.61	-1.66	-4.46
285	41.57	28.63	30.98	0	65.32	-1.03	-4.72
286	41.57	29.41	30.98	0	64.96	-0.63	-4.44
287	41.57	30.2	30.98	0	64.33	-0.12	-4.63
288	41.57	30.98	30.98	0	63.93	0.27	-4.43
289	41.57	31.76	30.98	0	63.4	0.89	-4.81
290	41.57	32.55	30.98	0	62.49	1.02	-4.83
291	41.57	33.33	30.98	0	62.25	1.84	-4.77
292	41.57	34.12	30.98	0	61.73	2.23	-4.75
293	41.57	34.9	30.98	0	61.52	2.84	-5.54
294	41.57	35.69	30.98	0	61.16	3.51	-5.92
295	41.57	36.47	30.98	0	60.87	3.69	-5.67
296	41.57	37.25	30.98	0	60.93	4.89	-5.94
297	41.57	27.84	31.76	0	64.23	-2.16	-4.24
298	41.57	28.63	31.76	0	63.85	-1.47	-4.07
299	41.57	29.41	31.76	0	63.42	-1.28	-4.21
300	41.57	30.2	31.76	0	63.03	-0.47	-3.8
301	41.57	30.98	31.76	0	62.47	0	-4.07
302	41.57	31.76	31.76	0	62.35	0.4	-4.04
303	41.57	32.55	31.76	0	62.11	0.72	-4.29
304	41.57	33.33	31.76	0	61.82	1.55	-4.27
305	41.57	34.12	31.76	0	61.51	1.96	-4.79
306	41.57	34.9	31.76	0	61.13	2.58	-4.44
307	41.57	35.69	31.76	0	60.42	3.23	-5.15
308	41.57	36.47	31.76	0	60.36	3.44	-5.11
309	41.57	37.25	31.76	0	59.88	4.13	-5.16
310	41.57	27.84	32.55	0	63.13	-2.81	-3.91
311	41.57	28.63	32.55	0	65.59	-1.03	-2.23
312	41.57	29.41	32.55	0	64.95	-1.07	-2.96
313	41.57	30.2	32.55	0	64.67	-0.4	-3.28
314	41.57	30.98	32.55	0	64.32	0.17	-3.61
315	41.57	31.76	32.55	0	63.93	0.68	-3.79
316	41.57	32.55	32.55	0	64.04	1.13	-3.63
317	41.57	33.33	32.55	0	63.65	1.53	-3.51
318	41.57	34.12	32.55	0	63.17	2.18	-3.62
319	41.57	34.9	32.55	0	62.64	2.88	-3.71
320	41.57	35.69	32.55	0	61.9	3.38	-4.19
321	41.57	36.47	32.55	0	60.92	3.56	-4.17
322	41.57	37.25	32.55	0	60.7	4.44	-4.47
323	41.57	27.84	33.33	0	64.02	-2.66	-2.22
324	41.57	28.63	33.33	0	63.83	-2.01	-3.37
325	41.57	29.41	33.33	0	63.36	-1.6	-3.21
326	41.57	30.2	33.33	0	62.85	-1.32	-3.26
327	41.57	30.98	33.33	0	63.14	-0.11	-3.26
328	41.57	31.76	33.33	0	62.72	0.19	-3.21
329	41.57	32.55	33.33	0	62.68	0.86	-3.22
330	41.57	33.33	33.33	0	62.01	1.31	-3.24
331	41.57	34.12	33.33	0	61.62	1.83	-2.96
332	41.57	34.9	33.33	0	61.13	2.26	-3.45
333	41.57	35.69	33.33	0	60.82	3.09	-3.74
334	41.57	36.47	33.33	0	60.47	3.29	-3.67
335	41.57	37.25	33.33	0	60.02	3.94	-3.95
336	41.57	27.84	34.12	0	63.37	-2.95	-2.03
337	41.57	28.63	34.12	0	62.81	-2.15	-1.89
338	41.57	29.41	34.12	0	62.6	-1.76	-2.06
339	41.57	30.2	34.12	0	62.2	-1.55	-1.72
340	41.57	30.98	34.12	0	62	-0.93	-2.43
341	41.57	31.76	34.12	0	61.78	-0.3	-2.89
342	41.57	32.55	34.12	0	64.24	1.33	-1.3
343	41.57	33.33	34.12	0	63.48	1.41	-1.86
344	41.57	34.12	34.12	0	63.18	1.84	-2.41
345	41.57	34.9	34.12	0	63.1	2.57	-2.49
346	41.57	35.69	34.12	0	62.63	3.25	-2.68
347	41.57	36.47	34.12	0	62.4	3.6	-3.07
348	41.57	37.25	34.12	0	62.09	4.2	-2.74
349	41.57	27.84	34.9	0	65.12	-2.26	-0.77
350	41.57	28.63	34.9	0	64.65	-1.75	-0.81
351	41.57	29.41	34.9	0	63.85	-1.59	-1.49
352	41.57	30.2	34.9	0	63.01	-1.17	-1.46
353	41.57	30.98	34.9	0	62.59	-0.84	-1.52
354	41.57	31.76	34.9	0	62.53	-0.2	-1.37
355	41.57	32.55	34.9	0	62.41	0.51	-2.16
356	41.57	33.33	34.9	0	62.04	0.74	-2.26
357	41.57	34.12	34.9	0	61.51	1.1	-2.3
358	41.57	34.9	34.9	0	61.79	2.17	-2.6
359	41.57	35.69	34.9	0	61.03	2.95	-2.42
360	41.57	36.47	34.9	0	60.9	3.17	-2.38
361	41.57	37.25	34.9	0	60.36	3.8	-2.56
362	41.57	27.84	35.69	0	63.6	-3.03	-0.2
363	41.57	28.63	35.69	0	63.1	-2.22	-0.71
364	41.57	29.41	35.69	0	62.8	-2.26	-1.35
365	41.57	30.2	35.69	0	62.52	-1.7	-1.14
366	41.57	30.98	35.69	0	62.06	-1.18	-1.48
367	41.57	31.76	35.69	0	61.97	-0.41	-1.47
368	41.57	32.55	35.69	0	61.74	0.19	-1.27
369	41.57	33.33	35.69	0	61.29	0.62	-1.5
370	41.57	34.12	35.69	0	61.14	1.3	-1.45
371	41.57	34.9	35.69	0	61.01	1.83	-1.65
372	41.57	35.69	35.69	0	60.12	2.59	-2.24
373	41.57	36.47	35.69	0	62.65	4	-0.99
374	41.57	37.25	35.69	0	62	4.18	-1.64
375	41.57	27.84	36.47	0	65.18	-2.61	0.06
376	41.57	28.63	36.47	0	65	-1.74	-0.4
377	41.57	29.41	36.47	0	64.52	-1.62	-0.85
378	41.57	30.2	36.47	0	64.22	-0.98	-0.59
379	41.57	30.98	36.47	0	64.1	-0.42	-0.71
380	41.57	31.76	36.47	0	63.85	0.51	-0.33
381	41.57	32.55	36.47	0	63.25	0.71	-0.34
382	41.57	33.33	36.47	0	62.77	1.01	-0.77
383	41.57	34.12	36.47	0	61.71	1.09	-1.02
384	41.57	34.9	36.47	0	61.5	1.78	-1.19
385	41.57	35.69	36.47	0	60.59	2.75	-0.94
386	41.57	36.47	36.47	0	60.82	2.89	-1.61
387	41.57	37.25	36.47	0	60.28	3.65	-1.83
388	62.35	48.24	46.67	0	49.02	-3.61	-5.78
389	62.35	49.02	46.67	0	49.42	-2.13	-6.28
390	62.35	49.8	46.67	0	48.91	-2.09	-6.18
391	62.35	50.59	46.67	0	48.48	-0.9	-6.27
392	62.35	51.37	46.67	0	47.82	-0.29	-6.36
393	62.35	52.16	46.67	0	47.56	0.53	-6.26
394	62.35	52.94	46.67	0	46.92	1.41	-6.94
395	62.35	53.73	46.67	0	46.67	1.52	-7.04
396	62.35	54.51	46.67	0	46.56	1.49	-7.35
397	62.35	55.29	46.67	0	46.01	1.86	-7.58
398	62.35	56.08	46.67	0	46.06	2.8	-7.99
399	62.35	56.86	46.67	0	45.49	4.14	-7.95
400	62.35	57.65	46.67	0	45.3	4.05	-8.13
401	62.35	48.24	47.45	0	48.75	-2.96	-4.83
402	62.35	49.02	47.45	0	48.34	-2.53	-5.29
403	62.35	49.8	47.45	0	47.68	-2.11	-6.41
404	62.35	50.59	47.45	0	49.82	-0.35	-5
405	62.35	51.37	47.45	0	49.68	0.27	-5.33
406	62.35	52.16	47.45	0	49.29	0.72	-5.81
407	62.35	52.94	47.45	0	48.7	1.58	-6.02
408	62.35	53.73	47.45	0	48.41	2.12	-6.66
409	62.35	54.51	47.45	0	48.39	2.41	-6.61
410	62.35	55.29	47.45	0	48.35	2.71	-6.67
411	62.35	56.08	47.45	0	47.8	4.02	-6.49
412	62.35	56.86	47.45	0	47.14	4.74	-6.47
413	62.35	57.65	47.45	0	46.56	4.75	-7.06
414	62.35	48.24	48.24	0	49.12	-2.99	-3.99
415	62.35	49.02	48.24	0	48.81	-2.17	-4.48
416	62.35	49.8	48.24	0	48.2	-1.94	-4.27
417	62.35	50.59	48.24	0	48.27	-1.66	-4.97
418	62.35	51.37	48.24	0	47.89	-0.76	-5.04
419	62.35	52.16	48.24	0	47.19	-0.49	-5.56
420	62.35	52.94	48.24	0	47.46	0.49	-5.7
421	62.35	53.73	48.24	0	47.26	1.15	-5.76
422	62.35	54.51	48.24	0	47.11	1.46	-5.85
423	62.35	55.29	48.24	0	46.74	1.81	-5.92
424	62.35	56.08	48.24	0	45.97	3.11	-5.72
425	62.35	56.86	48.24	0	45.47	3.87	-6.21
426	62.35	57.65	48.24	0	45.04	4.17	-6.64
427	62.35	48.24	49.02	0	48.7	-3.73	-4.1
428	62.35	49.02	49.02	0	48.31	-3.27	-4.38
429	62.35	49.8	49.02	0	48.34	-2.42	-4.41
430	62.35	50.59	49.02	0	47.41	-1.48	-4.86
431	62.35	51.37	49.02	0	46.98	-1.03	-4.88
432	62.35	52.16	49.02	0	46.88	-0.16	-4.82
433	62.35	52.94	49.02	0	46.43	0.22	-5.15
434	62.35	53.73	49.02	0	46.18	1.16	-6.02
435	62.35	54.51	49.02	0	48.26	2.44	-4.87
436	62.35	55.29	49.02	0	48.12	2.56	-5.06
437	62.35	56.08	49.02	0	47.79	3.16	-5.51
438	62.35	56.86	49.02	0	47.14	4.59	-5.88
439	62.35	57.65	49.02	0	46.99	4.53	-6.26
440	62.35	48.24	49.8	0	50.67	-2.62	-3.87
441	62.35	49.02	49.8	0	50.24	-2.04	-3.49
442	62.35	49.8	49.8	0	50	-1.58	-3.53
443	62.35	50.59	49.8	0	49.24	-0.68	-3.18
444	62.35	51.37	49.8	0	48.56	-0.17	-4.36
445	62.35	52.16	49.8	0	47.71	-0.47	-3.74
446	62.35	52.94	49.8	0	47.28	0.57	-4.73
447	62.35	53.73	49.8	0	46.5	1.01	-4.74
448	62.35	54.51	49.8	0	46.54	1.45	-5.52
449	62.35	55.29	49.8	0	46.35	1.71	-5.32
450	62.35	56.08	49.8	0	45.8	2.02	-5.38
451	62.35	56.86	49.8	0	46.04	3.44	-5.85
452	62.35	57.65	49.8	0	45.66	3.84	-5.96
453	62.35	48.24	50.59	0	49.28	-3.65	-2.89
454	62.35	49.02	50.59	0	48.7	-3.13	-2.92
455	62.35	49.8	50.59	0	48.05	-2.43	-2.98
456	62.35	50.59	50.59	0	47.48	-1.68	-3.46
457	62.35	51.37	50.59	0	47.14	-1.29	-3.87
458	62.35	52.16	50.59	0	47.01	-1.5	-3.13
459	62.35	52.94	50.59	0	46.55	-0.62	-3.91
460	62.35	53.73	50.59	0	46.31	0.4	-4.59
461	62.35	54.51	50.59	0	45.9	1.39	-4.5
462	62.35	55.29	50.59	0	45.4	1.76	-4.59
463	62.35	56.08	50.59	0	45.36	2.43	-4.78
464	62.35	56.86	50.59	0	44.97	3.33	-4.72
465	62.35	57.65	50.59	0	44.58	3.46	-5.74
466	62.35	48.24	51.37	0	50.5	-2.9	-1.79
467	62.35	49.02	51.37	0	50.35	-2.44	-2.46
468	62.35	49.8	51.37	0	50.14	-1.72	-2.21
469	62.35	50.59	51.37	0	49.62	-1.03	-2.96
470	62.35	51.37	51.37	0	49.03	-0.76	-3.46
471	62.35	52.16	51.37	0	49.09	-0.22	-3.31
472	62.35	52.94	51.37	0	48.73	0.48	-3.45
473	62.35	53.73	51.37	0	48.34	1.36	-3.46
474	62.35	54.51	51.37	0	47.86	2.14	-2.71
475	62.35	55.29	51.37	0	47.25	2.58	-3.7
476	62.35	56.08	51.37	0	45.91	2.83	-4.07
477	62.35	56.86	51.37	0	45.83	3.78	-4.4
478	62.35	57.65	51.37	0	45.2	3.83	-4.38
479	62.35	48.24	52.16	0	48.82	-3.95	-2.05
480	62.35	49.02	52.16	0	48.6	-3.35	-2.29
481	62.35	49.8	52.16	0	47.98	-3.07	-2.18
482	62.35	50.59	52.16	0	48.44	-1.83	-2.85
483	62.35	51.37	52.16	0	47.94	-1.72	-2.82
484	62.35	52.16	52.16	0	47.91	-1.09	-2.78
485	62.35	52.94	52.16	0	47.36	-0.52	-3.05
486	62.35	53.73	52.16	0	46.53	0.86	-2.89
487	62.35	54.51	52.16	0	46.2	0.81	-3.25
488	62.35	55.29	52.16	0	45.9	1.67	-3.63
489	62.35	56.08	52.16	0	45.66	2.09	-3.76
490	62.35	56.86	52.16	0	44.69	3.24	-4.02
491	62.35	57.65	52.16	0	44.92	3.29	-4.35
492	62.35	48.24	52.94	0	48.37	-3.76	-1.2
493	62.35	49.02	52.94	0	47.77	-3.3	-1.52
494	62.35	49.8	52.94	0	47.53	-2.73	-1.57
495	62.35	50.59	52.94	0	47.4	-2.18	-1.5
496	62.35	51.37	52.94	0	46.89	-1.72	-2.69
497	62.35	52.16	52.94	0	49.21	-0.47	-1.63
498	62.35	52.94	52.94	0	48.97	0.21	-1.96
499	62.35	53.73	52.94	0	48.4	0.91	-2.17
500	62.35	54.51	52.94	0	48.17	1.59	-2.68
501	62.35	55.29	52.94	0	47.5	2.03	-2.82
502	62.35	56.08	52.94	0	47.53	2.91	-3.38
503	62.35	56.86	52.94	0	47.12	3.82	-3.23
504	62.35	57.65	52.94	0	46.81	4.54	-3.31
505	62.35	48.24	53.73	0	50.36	-2.88	-0.31
506	62.35	49.02	53.73	0	49.56	-2.5	-1.14
507	62.35	49.8	53.73	0	48.35	-2.55	-0.87
508	62.35	50.59	53.73	0	48.41	-1.97	-1.29
509	62.35	51.37	53.73	0	47.72	-1.42	-1.24
510	62.35	52.16	53.73	0	47.77	-1.12	-2.08
511	62.35	52.94	53.73	0	47.49	-0.54	-2.11
512	62.35	53.73	53.73	0	47.05	-0.07	-1.98
513	62.35	54.51	53.73	0	47.12	0.77	-2.26
514	62.35	55.29	53.73	0	46.55	1.31	-2.65
515	62.35	56.08	53.73	0	46.44	2.23	-2.89
516	62.35	56.86	53.73	0	45.67	2.89	-3.04
517	62.35	57.65	53.73	0	45	3.69	-2.74
518	62.35	48.24	54.51	0	48.33	-4.04	-0.3
519	62.35	49.02	54.51	0	47.93	-3.65	-0.03
520	62.35	49.8	54.51	0	47.93	-3.2	-0.64
521	62.35	50.59	54.51	0	47.63	-2.41	-0.71
522	62.35	51.37	54.51	0	47.22	-1.87	-1.19
523	62.35	52.16	54.51	0	46.69	-0.99	-1.23
524	62.35	52.94	54.51	0	46.44	-0.69	-1.68
525	62.35	53.73	54.51	0	46.36	-0.05	-1.67
526	62.35	54.51	54.51	0	45.94	0.34	-1.54
527	62.35	55.29	54.51	0	45.55	1.21	-2.8
528	62.35	56.08	54.51	0	47.65	2.74	-1.65
529	62.35	56.86	54.51	0	47.27	3.12	-2.03
530	62.35	57.65	54.51	0	46.93	3.68	-2.37
531	62.35	48.24	55.29	0	50.52	-3.37	-0.07
532	62.35	49.02	55.29	0	50.15	-3.07	-0.58
533	62.35	49.8	55.29	0	49.87	-2.07	-0.59
534	62.35	50.59	55.29	0	49.87	-1.55	-0.2
535	62.35	51.37	55.29	0	49.08	-0.98	-0.29
536	62.35	52.16	55.29	0	49.02	-0.28	0.18
537	62.35	52.94	55.29	0	48.22	0.08	-0.31
538	62.35	53.73	55.29	0	47.14	0.39	-0.81
539	62.35	54.51	55.29	0	47.07	0.54	-1.31
540	62.35	55.29	55.29	0	46.34	1.24	-1.36
541	62.35	56.08	55.29	0	46.35	1.77	-1.95
542	62.35	56.86	55.29	0	46.02	2.49	-2.08
543	62.35	57.65	55.29	0	45.18	2.54	-2.04
544	62.35	48.24	56.08	0	49.04	-4.36	0.31
545	62.35	49.02	56.08	0	48.59	-3.82	0.54
546	62.35	49.8	56.08	0	48.53	-2.85	0.28
547	62.35	50.59	56.08	0	47.89	-2.83	0.3
548	62.35	51.37	56.08	0	47.54	-2.05	0.47
549	62.35	52.16	56.08	0	47.14	-1.65	-0.48
550	62.35	52.94	56.08	0	46.86	-1.19	-0.22
551	62.35	53.73	56.08	0	46.8	-0.83	-0.71
552	62.35	54.51	56.08	0	46.68	0.02	-0.88
553	62.35	55.29	56.08	0	46.5	0.77	-0.96
554	62.35	56.08	56.08	0	45.75	2.61	-1.03
555	62.35	56.86	56.08	0	45.57	2.6	-1.25
556	62.35	57.65	56.08	0	45.3	3.23	-1.49
557	81.57	73.73	71.76	0	32.53	-1.29	-3.35
558	81.57	74.51	71.76	0	32.47	-1.1	-4.52
559	81.57	75.29	71.76	0	33.58	-0.17	-3.75
560	81.57	76.08	71.76	0	33.29	1.07	-3.94
561	81.57	76.86	71.76	0	32.69	1.8	-4.36
562	81.57	77.65	71.76	0	32.35	2.63	-4.91
563	81.57	78.43	71.76	0	32.06	3.24	-5.32
564	81.57	73.73	72.55	0	34.08	-1.1	-3.42
565	81.57	74.51	72.55	0	33.85	-0.39	-3.24
566	81.57	75.29	72.55	0	33.44	0.23	-2.64
567	81.57	76.08	72.55	0	32.99	1.11	-2.69
568	81.57	76.86	72.55	0	32.33	1.85	-3.43
569	81.57	77.65	72.55	0	31.4	2.33	-3.79
570	81.57	78.43	72.55	0	31.26	2.81	-4.1
571	81.57	73.73	73.33	0	32.99	-1.65	-2.64
572	81.57	74.51	73.33	0	32.74	-1.32	-3.17
573	81.57	75.29	73.33	0	32.42	-0.94	-3.47
574	81.57	76.08	73.33	0	31.54	0.49	-3.57
575	81.57	76.86	73.33	0	30.99	1.87	-4.31
576	81.57	77.65	73.33	0	30.85	2.56	-4.12
577	81.57	78.43	73.33	0	30.85	3.28	-4.01
578	81.57	73.73	74.12	0	32.36	-1.02	-2.92
579	81.57	74.51	74.12	0	32.15	-0.58	-2.48
580	81.57	75.29	74.12	0	32.17	-0.27	-2.71
581	81.57	76.08	74.12	0	31.48	0.42	-3.2
582	81.57	76.86	74.12	0	31.06	1.35	-3.55
583	81.57	77.65	74.12	0	30.54	1.97	-3.67
584	81.57	78.43	74.12	0	30.63	2.65	-3.87
585	81.57	73.73	74.9	0	32.26	-1.3	-1.81
586	81.57	74.51	74.9	0	32.15	-1.05	-1.96
587	81.57	75.29	74.9	0	32.07	-0.77	-1.74
588	81.57	76.08	74.9	0	31.36	0.13	-2.12
589	81.57	76.86	74.9	0	30.97	1.13	-3.02
590	81.57	77.65	74.9	0	32.25	2.26	-1.96
591	81.57	78.43	74.9	0	32.09	2.75	-2.09
592	81.57	73.73	75.69	0	33.93	-1.54	-1.08
593	81.57	74.51	75.69	0	33.71	-0.72	-1.38
594	81.57	75.29	75.69	0	33.3	-0.56	-1.91
595	81.57	76.08	75.69	0	32.89	0.87	-2.4
596	81.57	76.86	75.69	0	32.6	1.89	-1.78
597	81.57	77.65	75.69	0	32.13	2.46	-1.88
598	81.57	78.43	75.69	0	31.72	2.83	-1.49
599	81.57	73.73	76.47	0	33.18	-1.46	-0.92
600	81.57	74.51	76.47	0	32.84	-1.36	-0.58
601	81.57	75.29	76.47	0	32.36	-0.79	-1.2
602	81.57	76.08	76.47	0	32.01	0.08	-1.2
603	81.57	76.86	76.47	0	31.48	0.63	-1.53
604	81.57	77.65	76.47	0	31.18	1.19	-1.69
605	81.57	78.43	76.47	0	30.47	1.57	-1.63
606	0	0	0	0	94.29	1.54	-6.46
607	0	0	0	0	94.29	1.5	-6.31
608	0	0	0	0	94.23	1.49	-6.3
609	0	0	0	0	94.25	1.49	-6.31
610	0	0	0	0	94.25	1.5	-6.26
611	0	0	0	0	94.34	1.46	-6.32
612	0	0	0	0	94.32	1.49	-6.3
613	0	0	0	0	94.2	1.57	-6.34
614	0	0	0	0	94.24	1.55	-6.25
615	0	0	0	0	94.26	1.49	-6.46
616	0	0	0	0	94.31	1.57	-6.13
617	0	0	0	0	94.26	1.54	-6.23
618	0	0	0	0	94.49	1.51	-6.36
619	0	0	0	0	94.22	1.51	-6.31
620	0	0	0	0	94.29	1.5	-6.39
END_DATA							